1.0 0.5 -2.000000 -2.000000 -2.000000 -8.687085 7.592630 9.933631
1.0 0.5 -2.000000 -2.000000 -1.000000 -8.030402 1.285700 -7.347905
1.0 0.5 -2.000000 -2.000000 0.000000 -0.634405 -0.587506 -1.727511
1.0 0.5 -2.000000 -2.000000 1.000000 -2.022804 -6.372224 5.272695
1.0 0.5 -2.000000 -2.000000 2.000000 -7.380446 9.657409 -6.135839
1.0 0.5 -2.000000 -1.000000 -2.000000 -7.965986 -5.991332 4.513504
1.0 0.5 -2.000000 -1.000000 -1.000000 -5.855267 4.183231 -5.098754
1.0 0.5 -2.000000 -1.000000 0.000000 -8.834553 8.524962 -9.330231
1.0 0.5 -2.000000 -1.000000 1.000000 9.893568 -9.279494 3.618562
1.0 0.5 -2.000000 -1.000000 2.000000 4.396475 -0.453578 -0.520438
1.0 0.5 -2.000000 0.000000 -2.000000 0.362697 1.267652 -5.875287
1.0 0.5 -2.000000 0.000000 -1.000000 4.659550 6.413929 7.654932
1.0 0.5 -2.000000 0.000000 0.000000 3.653428 -9.258613 -2.190617
1.0 0.5 -2.000000 0.000000 1.000000 9.638721 -7.254840 1.089182
1.0 0.5 -2.000000 0.000000 2.000000 2.842262 -4.217660 -0.319139
1.0 0.5 -2.000000 1.000000 -2.000000 9.625635 3.870548 -2.857318
1.0 0.5 -2.000000 1.000000 -1.000000 -1.927766 3.985067 3.525012
1.0 0.5 -2.000000 1.000000 0.000000 -0.691246 -6.997485 -9.335386
1.0 0.5 -2.000000 1.000000 1.000000 -1.226287 -5.478532 6.021486
1.0 0.5 -2.000000 1.000000 2.000000 -5.417439 0.134460 -2.538675
1.0 0.5 -2.000000 2.000000 -2.000000 -3.867241 -9.330101 -9.248107
1.0 0.5 -2.000000 2.000000 -1.000000 -9.357145 5.706289 -6.958141
1.0 0.5 -2.000000 2.000000 0.000000 -5.398680 -8.636917 -5.820477
1.0 0.5 -2.000000 2.000000 1.000000 3.522197 -6.161586 4.568685
1.0 0.5 -2.000000 2.000000 2.000000 8.599842 -1.502876 -1.770084
1.0 0.5 -1.000000 -2.000000 -2.000000 9.184285 -8.415593 0.775965
1.0 0.5 -1.000000 -2.000000 -1.000000 7.308343 6.785187 8.993104
1.0 0.5 -1.000000 -2.000000 0.000000 -1.899025 -3.153343 5.644803
1.0 0.5 -1.000000 -2.000000 1.000000 6.296726 5.679002 4.320172
1.0 0.5 -1.000000 -2.000000 2.000000 -1.378282 5.455093 0.881656
1.0 0.5 -1.000000 -1.000000 -2.000000 9.442126 -2.663052 9.806093
1.0 0.5 -1.000000 -1.000000 -1.000000 5.784715 -2.704056 5.605291
1.0 0.5 -1.000000 -1.000000 0.000000 -1.875663 -7.849288 -5.534830
1.0 0.5 -1.000000 -1.000000 1.000000 -1.223151 2.870567 -9.090845
1.0 0.5 -1.000000 -1.000000 2.000000 -5.561519 3.510804 3.771124
1.0 0.5 -1.000000 0.000000 -2.000000 5.979506 -9.710858 0.171655
1.0 0.5 -1.000000 0.000000 -1.000000 -4.951583 3.505697 -1.248756
1.0 0.5 -1.000000 0.000000 0.000000 4.778638 7.056728 1.372583
1.0 0.5 -1.000000 0.000000 1.000000 -5.416802 -4.137962 -9.520162
1.0 0.5 -1.000000 0.000000 2.000000 -1.915467 -8.410499 -8.605501
1.0 0.5 -1.000000 1.000000 -2.000000 2.884632 -0.678319 9.620791
1.0 0.5 -1.000000 1.000000 -1.000000 -4.417475 -7.917626 0.216840
1.0 0.5 -1.000000 1.000000 0.000000 0.845616 6.732618 -6.060142
1.0 0.5 -1.000000 1.000000 1.000000 -2.520967 -4.883240 -7.276040
1.0 0.5 -1.000000 1.000000 2.000000 3.817444 6.745092 5.504094
1.0 0.5 -1.000000 2.000000 -2.000000 -8.135454 4.124991 -0.946518
1.0 0.5 -1.000000 2.000000 -1.000000 -9.250270 7.182746 -3.102287
1.0 0.5 -1.000000 2.000000 0.000000 1.884431 -7.167103 9.563483
1.0 0.5 -1.000000 2.000000 1.000000 -8.209945 -0.356111 -7.770879
1.0 0.5 -1.000000 2.000000 2.000000 2.334457 -0.806863 1.216625
1.0 0.5 0.000000 -2.000000 -2.000000 -5.104882 6.238501 -2.822373
1.0 0.5 0.000000 -2.000000 -1.000000 -8.687922 6.241815 2.905756
1.0 0.5 0.000000 -2.000000 0.000000 -8.556894 4.653241 -4.308760
1.0 0.5 0.000000 -2.000000 1.000000 4.930443 0.385887 1.968929
1.0 0.5 0.000000 -2.000000 2.000000 3.822731 5.882160 -0.238475
1.0 0.5 0.000000 -1.000000 -2.000000 1.221703 2.971321 -0.015811
1.0 0.5 0.000000 -1.000000 -1.000000 9.211877 4.876056 -1.384249
1.0 0.5 0.000000 -1.000000 0.000000 8.596727 -6.998714 5.106627
1.0 0.5 0.000000 -1.000000 1.000000 8.412299 -1.615587 -7.389222
1.0 0.5 0.000000 -1.000000 2.000000 -4.437135 -1.749516 2.465823
1.0 0.5 0.000000 0.000000 -2.000000 0.678579 -8.370176 9.283860
1.0 0.5 0.000000 0.000000 -1.000000 -8.920011 -4.737205 -1.963979
1.0 0.5 0.000000 0.000000 0.000000 9.724194 4.424106 -0.616713
1.0 0.5 0.000000 0.000000 1.000000 -2.153740 8.770632 0.323124
1.0 0.5 0.000000 0.000000 2.000000 -2.236450 0.555457 7.457814
1.0 0.5 0.000000 1.000000 -2.000000 8.920569 -9.337690 -0.955627
1.0 0.5 0.000000 1.000000 -1.000000 3.894973 -1.728523 9.591185
1.0 0.5 0.000000 1.000000 0.000000 -6.638498 -9.422719 -6.035226
1.0 0.5 0.000000 1.000000 1.000000 9.882149 -4.159017 9.648792
1.0 0.5 0.000000 1.000000 2.000000 -1.239408 1.464500 9.513561
1.0 0.5 0.000000 2.000000 -2.000000 -6.059891 -4.052391 -0.900258
1.0 0.5 0.000000 2.000000 -1.000000 -6.452113 -2.486511 7.770426
1.0 0.5 0.000000 2.000000 0.000000 -6.084020 -9.701527 6.824350
1.0 0.5 0.000000 2.000000 1.000000 -9.408061 9.818193 -1.094751
1.0 0.5 0.000000 2.000000 2.000000 4.857697 -9.175470 -0.416811
1.0 0.5 1.000000 -2.000000 -2.000000 -5.329398 2.057264 7.440689
1.0 0.5 1.000000 -2.000000 -1.000000 2.580017 6.329656 8.939517
1.0 0.5 1.000000 -2.000000 0.000000 -9.749564 -7.367971 -2.104558
1.0 0.5 1.000000 -2.000000 1.000000 9.827807 8.751395 -0.899567
1.0 0.5 1.000000 -2.000000 2.000000 -2.427920 2.332012 5.268148
1.0 0.5 1.000000 -1.000000 -2.000000 -6.712310 -2.007832 -3.919337
1.0 0.5 1.000000 -1.000000 -1.000000 -1.966414 -1.376910 7.942411
1.0 0.5 1.000000 -1.000000 0.000000 -4.902541 -9.618593 1.821660
1.0 0.5 1.000000 -1.000000 1.000000 7.516545 7.059711 5.804107
1.0 0.5 1.000000 -1.000000 2.000000 -2.747767 5.334107 2.935683
1.0 0.5 1.000000 0.000000 -2.000000 -2.831634 -4.253523 6.678264
1.0 0.5 1.000000 0.000000 -1.000000 9.407717 7.106813 -4.744454
1.0 0.5 1.000000 0.000000 0.000000 -3.595302 -9.731370 1.529960
1.0 0.5 1.000000 0.000000 1.000000 -8.898932 0.446112 -9.197812
1.0 0.5 1.000000 0.000000 2.000000 -5.196000 4.683867 6.977475
1.0 0.5 1.000000 1.000000 -2.000000 6.599634 2.076299 1.158715
1.0 0.5 1.000000 1.000000 -1.000000 -1.764009 -5.365360 5.606847
1.0 0.5 1.000000 1.000000 0.000000 -5.408366 5.924501 -5.498082
1.0 0.5 1.000000 1.000000 1.000000 -6.108120 -9.689617 -2.823779
1.0 0.5 1.000000 1.000000 2.000000 -9.795322 -7.279028 -8.907005
1.0 0.5 1.000000 2.000000 -2.000000 -1.501364 -5.903491 2.979084
1.0 0.5 1.000000 2.000000 -1.000000 1.288829 -7.764224 4.869799
1.0 0.5 1.000000 2.000000 0.000000 -4.536968 5.871456 -2.783913
1.0 0.5 1.000000 2.000000 1.000000 -0.792084 -4.032767 -5.698383
1.0 0.5 1.000000 2.000000 2.000000 7.933217 -7.160941 7.807243
1.0 0.5 2.000000 -2.000000 -2.000000 -5.425803 6.586294 5.334480
1.0 0.5 2.000000 -2.000000 -1.000000 -1.847574 0.300730 2.817888
1.0 0.5 2.000000 -2.000000 0.000000 1.410934 9.776654 -2.118135
1.0 0.5 2.000000 -2.000000 1.000000 1.341199 8.633318 8.726434
1.0 0.5 2.000000 -2.000000 2.000000 -0.191154 -4.365551 -7.508998
1.0 0.5 2.000000 -1.000000 -2.000000 3.229807 -1.278403 6.615080
1.0 0.5 2.000000 -1.000000 -1.000000 -8.752116 5.120288 -8.026839
1.0 0.5 2.000000 -1.000000 0.000000 4.080315 -3.874311 -5.314490
1.0 0.5 2.000000 -1.000000 1.000000 0.207693 8.318364 7.411994
1.0 0.5 2.000000 -1.000000 2.000000 1.551505 -8.102335 -2.725147
1.0 0.5 2.000000 0.000000 -2.000000 9.560268 8.086461 2.896237
1.0 0.5 2.000000 0.000000 -1.000000 0.028551 4.186528 -8.255165
1.0 0.5 2.000000 0.000000 0.000000 -2.351497 4.291614 -6.265826
1.0 0.5 2.000000 0.000000 1.000000 0.649632 2.381155 7.326470
1.0 0.5 2.000000 0.000000 2.000000 6.363851 -3.300387 -9.771037
1.0 0.5 2.000000 1.000000 -2.000000 -1.987800 -2.607743 -8.219975
1.0 0.5 2.000000 1.000000 -1.000000 -5.268584 0.841581 -1.040897
1.0 0.5 2.000000 1.000000 0.000000 1.104498 6.330587 -7.378129
1.0 0.5 2.000000 1.000000 1.000000 -8.898100 2.870823 -8.986203
1.0 0.5 2.000000 1.000000 2.000000 -5.786022 -0.244715 -7.192522
1.0 0.5 2.000000 2.000000 -2.000000 -0.934175 -8.841137 -6.673685
1.0 0.5 2.000000 2.000000 -1.000000 -2.064117 1.530135 -2.476031
1.0 0.5 2.000000 2.000000 0.000000 -9.972144 1.875876 1.042199
1.0 0.5 2.000000 2.000000 1.000000 7.179780 5.774644 3.149228
1.0 0.5 2.000000 2.000000 2.000000 -3.079489 -3.539250 -0.467380
