1.0 0.5 -1.500000 -1.500000 -1.500000 6.739230 0.431489 -5.787518
1.0 0.5 -1.500000 -1.500000 -0.500000 -2.175312 -8.029473 6.170350
1.0 0.5 -1.500000 -1.500000 0.500000 2.124037 4.262329 2.370076
1.0 0.5 -1.500000 -1.500000 1.500000 -9.376620 0.733302 -8.747288
1.0 0.5 -1.500000 -0.500000 -1.500000 -0.222023 -3.955357 2.698673
1.0 0.5 -1.500000 -0.500000 -0.500000 7.749881 -2.294039 -0.259477
1.0 0.5 -1.500000 -0.500000 0.500000 -5.415752 -7.779161 5.651258
1.0 0.5 -1.500000 -0.500000 1.500000 4.894877 -1.048028 5.021036
1.0 0.5 -1.500000 0.500000 -1.500000 3.779078 -2.682732 3.080572
1.0 0.5 -1.500000 0.500000 -0.500000 -5.159209 -9.088250 -0.311880
1.0 0.5 -1.500000 0.500000 0.500000 -6.189453 -9.231464 3.353100
1.0 0.5 -1.500000 0.500000 1.500000 -4.013619 -7.918098 -0.084940
1.0 0.5 -1.500000 1.500000 -1.500000 -9.211103 4.673575 2.120559
1.0 0.5 -1.500000 1.500000 -0.500000 1.395170 -9.419288 -1.688162
1.0 0.5 -1.500000 1.500000 0.500000 -3.858406 -1.232306 4.543889
1.0 0.5 -1.500000 1.500000 1.500000 0.210789 -6.719101 7.082316
1.0 0.5 -0.500000 -1.500000 -1.500000 -6.233465 0.000298 1.544415
1.0 0.5 -0.500000 -1.500000 -0.500000 -3.490300 0.591293 -8.041561
1.0 0.5 -0.500000 -1.500000 0.500000 -5.441181 1.316844 -9.745936
1.0 0.5 -0.500000 -1.500000 1.500000 0.693129 -3.339390 -9.855175
1.0 0.5 -0.500000 -0.500000 -1.500000 -2.252594 -5.420226 7.055708
1.0 0.5 -0.500000 -0.500000 -0.500000 -8.959717 4.586432 -0.326583
1.0 0.5 -0.500000 -0.500000 0.500000 -7.563911 2.395761 1.149136
1.0 0.5 -0.500000 -0.500000 1.500000 -0.455737 -6.913207 -0.125713
1.0 0.5 -0.500000 0.500000 -1.500000 9.903207 0.495397 -7.648571
1.0 0.5 -0.500000 0.500000 -0.500000 4.188424 -1.729555 -0.375442
1.0 0.5 -0.500000 0.500000 0.500000 6.210034 -5.933152 0.915938
1.0 0.5 -0.500000 0.500000 1.500000 8.531420 -1.082694 -4.615132
1.0 0.5 -0.500000 1.500000 -1.500000 -7.495858 -3.360682 -0.169672
1.0 0.5 -0.500000 1.500000 -0.500000 9.404039 5.694706 9.806216
1.0 0.5 -0.500000 1.500000 0.500000 -1.966374 2.565824 -8.764777
1.0 0.5 -0.500000 1.500000 1.500000 -2.015657 5.244910 8.000051
1.0 0.5 0.500000 -1.500000 -1.500000 -6.314460 2.500399 -4.176339
1.0 0.5 0.500000 -1.500000 -0.500000 -5.439062 3.183141 -5.039086
1.0 0.5 0.500000 -1.500000 0.500000 -6.917719 3.986850 -1.502087
1.0 0.5 0.500000 -1.500000 1.500000 -8.879094 6.395222 -0.351804
1.0 0.5 0.500000 -0.500000 -1.500000 3.452237 -6.613623 -7.980347
1.0 0.5 0.500000 -0.500000 -0.500000 7.137384 5.784667 -2.171339
1.0 0.5 0.500000 -0.500000 0.500000 -4.088465 -2.163719 0.835872
1.0 0.5 0.500000 -0.500000 1.500000 2.247211 5.521130 -8.971800
1.0 0.5 0.500000 0.500000 -1.500000 -9.003153 -5.131380 -6.071092
1.0 0.5 0.500000 0.500000 -0.500000 6.448336 -9.165043 6.569105
1.0 0.5 0.500000 0.500000 0.500000 5.545636 -6.621767 8.228213
1.0 0.5 0.500000 0.500000 1.500000 2.055729 -3.466847 9.570753
1.0 0.5 0.500000 1.500000 -1.500000 2.475545 -7.270523 4.521773
1.0 0.5 0.500000 1.500000 -0.500000 -1.304783 -1.061462 -3.586985
1.0 0.5 0.500000 1.500000 0.500000 6.493075 -9.009918 0.258013
1.0 0.5 0.500000 1.500000 1.500000 5.919841 4.303709 -8.460827
1.0 0.5 1.500000 -1.500000 -1.500000 -5.812075 -1.800141 -7.718443
1.0 0.5 1.500000 -1.500000 -0.500000 4.615553 6.290700 -5.920866
1.0 0.5 1.500000 -1.500000 0.500000 1.489241 7.406640 0.055091
1.0 0.5 1.500000 -1.500000 1.500000 2.940291 0.634489 -1.394103
1.0 0.5 1.500000 -0.500000 -1.500000 3.765443 -2.838676 5.625066
1.0 0.5 1.500000 -0.500000 -0.500000 5.516890 6.963885 -0.849589
1.0 0.5 1.500000 -0.500000 0.500000 9.431976 7.639559 -9.821255
1.0 0.5 1.500000 -0.500000 1.500000 1.028357 4.769919 -8.469740
1.0 0.5 1.500000 0.500000 -1.500000 -8.258801 -0.069836 5.582085
1.0 0.5 1.500000 0.500000 -0.500000 7.231405 3.527115 -2.667139
1.0 0.5 1.500000 0.500000 0.500000 0.470782 2.772717 -6.709870
1.0 0.5 1.500000 0.500000 1.500000 7.695389 4.135349 -3.732882
1.0 0.5 1.500000 1.500000 -1.500000 3.175124 2.921217 -7.206944
1.0 0.5 1.500000 1.500000 -0.500000 -2.331221 8.765062 -0.945910
1.0 0.5 1.500000 1.500000 0.500000 -0.090575 -0.724700 -6.126213
1.0 0.5 1.500000 1.500000 1.500000 0.980593 8.939022 -7.249457
