1.0 0.5 -2.500000 -2.500000 -2.500000 3.602683 -0.623297 0.197444
1.0 0.5 -2.500000 -2.500000 -1.500000 -3.332071 -3.898429 4.935387
1.0 0.5 -2.500000 -2.500000 -0.500000 2.766484 1.276182 1.482367
1.0 0.5 -2.500000 -2.500000 0.500000 1.589204 4.242887 -3.407168
1.0 0.5 -2.500000 -2.500000 1.500000 -1.745694 4.222486 0.484537
1.0 0.5 -2.500000 -2.500000 2.500000 -3.221524 -4.923333 0.067988
1.0 0.5 -2.500000 -1.500000 -2.500000 3.095315 4.670829 -0.550596
1.0 0.5 -2.500000 -1.500000 -1.500000 -1.365753 2.140398 3.350843
1.0 0.5 -2.500000 -1.500000 -0.500000 0.071459 -3.649992 -3.151670
1.0 0.5 -2.500000 -1.500000 0.500000 2.998059 3.482840 1.552034
1.0 0.5 -2.500000 -1.500000 1.500000 2.716932 1.855797 3.599623
1.0 0.5 -2.500000 -1.500000 2.500000 3.132607 1.954107 -0.509494
1.0 0.5 -2.500000 -0.500000 -2.500000 3.776069 1.919932 0.785391
1.0 0.5 -2.500000 -0.500000 -1.500000 -3.857028 2.991603 2.257646
1.0 0.5 -2.500000 -0.500000 -0.500000 -3.677173 -2.389451 -0.748138
1.0 0.5 -2.500000 -0.500000 0.500000 4.760801 2.434577 -3.530143
1.0 0.5 -2.500000 -0.500000 1.500000 -3.623059 -4.907107 2.763117
1.0 0.5 -2.500000 -0.500000 2.500000 1.912020 -3.413130 0.616255
1.0 0.5 -2.500000 0.500000 -2.500000 -0.005426 1.883908 1.886210
1.0 0.5 -2.500000 0.500000 -1.500000 1.608531 4.507962 3.974437
1.0 0.5 -2.500000 0.500000 -0.500000 2.664274 -1.270357 2.923066
1.0 0.5 -2.500000 0.500000 0.500000 -3.043259 -4.228081 4.680840
1.0 0.5 -2.500000 0.500000 1.500000 3.314997 -4.176561 4.203641
1.0 0.5 -2.500000 0.500000 2.500000 -3.095210 2.505556 4.197982
1.0 0.5 -2.500000 1.500000 -2.500000 4.680622 -2.184489 2.569832
1.0 0.5 -2.500000 1.500000 -1.500000 0.220475 4.802333 -4.545414
1.0 0.5 -2.500000 1.500000 -0.500000 3.947187 4.029919 3.959811
1.0 0.5 -2.500000 1.500000 0.500000 -4.391394 0.083735 -2.309348
1.0 0.5 -2.500000 1.500000 1.500000 -4.609547 -0.456577 0.491782
1.0 0.5 -2.500000 1.500000 2.500000 -3.615214 0.990154 -2.293646
1.0 0.5 -2.500000 2.500000 -2.500000 -2.030386 1.629396 -1.727871
1.0 0.5 -2.500000 2.500000 -1.500000 -4.707342 -2.513807 4.127906
1.0 0.5 -2.500000 2.500000 -0.500000 -2.325728 -0.027112 -3.516194
1.0 0.5 -2.500000 2.500000 0.500000 0.674864 -2.460487 -4.333974
1.0 0.5 -2.500000 2.500000 1.500000 -4.625167 1.193629 1.219711
1.0 0.5 -2.500000 2.500000 2.500000 3.305526 3.992270 3.711506
1.0 0.5 -1.500000 -2.500000 -2.500000 -2.156427 1.796915 0.270464
1.0 0.5 -1.500000 -2.500000 -1.500000 -3.032432 -1.807608 0.697881
1.0 0.5 -1.500000 -2.500000 -0.500000 2.200084 0.452697 2.823989
1.0 0.5 -1.500000 -2.500000 0.500000 -0.470189 2.899938 -2.487895
1.0 0.5 -1.500000 -2.500000 1.500000 -2.808883 4.613994 -1.972981
1.0 0.5 -1.500000 -2.500000 2.500000 3.127883 2.154003 1.129675
1.0 0.5 -1.500000 -1.500000 -2.500000 -0.769209 -0.405301 -3.916382
1.0 0.5 -1.500000 -1.500000 -1.500000 -0.050285 4.319885 -2.508904
1.0 0.5 -1.500000 -1.500000 -0.500000 -1.442376 2.528250 -4.715899
1.0 0.5 -1.500000 -1.500000 0.500000 -3.755063 -4.261768 -3.402054
1.0 0.5 -1.500000 -1.500000 1.500000 -0.233775 -4.751736 -1.898042
1.0 0.5 -1.500000 -1.500000 2.500000 -2.022288 0.114932 -0.606283
1.0 0.5 -1.500000 -0.500000 -2.500000 4.653465 -0.162901 1.982413
1.0 0.5 -1.500000 -0.500000 -1.500000 1.063088 0.968883 4.983538
1.0 0.5 -1.500000 -0.500000 -0.500000 4.669273 3.087783 2.371972
1.0 0.5 -1.500000 -0.500000 0.500000 4.964160 0.205269 -3.651143
1.0 0.5 -1.500000 -0.500000 1.500000 -4.662228 -3.993076 3.642274
1.0 0.5 -1.500000 -0.500000 2.500000 -1.898522 -1.009982 -3.994325
1.0 0.5 -1.500000 0.500000 -2.500000 -0.245073 -0.688209 4.503047
1.0 0.5 -1.500000 0.500000 -1.500000 1.284487 2.640549 -4.088123
1.0 0.5 -1.500000 0.500000 -0.500000 -1.735207 1.495035 -0.963344
1.0 0.5 -1.500000 0.500000 0.500000 -3.175278 -1.987595 -1.782116
1.0 0.5 -1.500000 0.500000 1.500000 1.313377 3.982550 -4.599941
1.0 0.5 -1.500000 0.500000 2.500000 -2.905549 -2.438746 2.730813
1.0 0.5 -1.500000 1.500000 -2.500000 -3.447047 1.931045 -2.900604
1.0 0.5 -1.500000 1.500000 -1.500000 2.399374 -3.584624 1.684154
1.0 0.5 -1.500000 1.500000 -0.500000 -0.984670 -3.504901 3.559678
1.0 0.5 -1.500000 1.500000 0.500000 -3.722189 -2.868389 -3.642343
1.0 0.5 -1.500000 1.500000 1.500000 3.021009 4.166972 -4.525527
1.0 0.5 -1.500000 1.500000 2.500000 -2.921001 4.409445 -4.888215
1.0 0.5 -1.500000 2.500000 -2.500000 3.464860 -0.645844 1.607867
1.0 0.5 -1.500000 2.500000 -1.500000 -4.627383 -4.556985 -2.079669
1.0 0.5 -1.500000 2.500000 -0.500000 -3.580546 -4.839726 -2.784234
1.0 0.5 -1.500000 2.500000 0.500000 -2.486563 3.889130 3.213018
1.0 0.5 -1.500000 2.500000 1.500000 -2.157756 1.497770 4.796118
1.0 0.5 -1.500000 2.500000 2.500000 -2.637637 1.839325 -1.335008
1.0 0.5 -0.500000 -2.500000 -2.500000 -0.279122 3.580551 0.294037
1.0 0.5 -0.500000 -2.500000 -1.500000 -4.580695 4.874328 -4.171706
1.0 0.5 -0.500000 -2.500000 -0.500000 -2.546104 -4.338386 -2.001518
1.0 0.5 -0.500000 -2.500000 0.500000 3.614748 3.809233 0.250683
1.0 0.5 -0.500000 -2.500000 1.500000 2.234317 -2.025356 -0.546894
1.0 0.5 -0.500000 -2.500000 2.500000 1.150658 4.122270 4.805966
1.0 0.5 -0.500000 -1.500000 -2.500000 1.673783 2.216843 1.083876
1.0 0.5 -0.500000 -1.500000 -1.500000 3.079917 -3.461953 -3.400553
1.0 0.5 -0.500000 -1.500000 -0.500000 4.585513 0.453275 -4.073203
1.0 0.5 -0.500000 -1.500000 0.500000 2.085498 2.697800 3.237781
1.0 0.5 -0.500000 -1.500000 1.500000 -0.184349 -2.020011 -0.782057
1.0 0.5 -0.500000 -1.500000 2.500000 -1.464751 1.516682 -3.005136
1.0 0.5 -0.500000 -0.500000 -2.500000 -0.459126 -2.982715 -3.853951
1.0 0.5 -0.500000 -0.500000 -1.500000 -3.823578 -0.955535 -3.303129
1.0 0.5 -0.500000 -0.500000 -0.500000 -1.093074 4.156653 3.135389
1.0 0.5 -0.500000 -0.500000 0.500000 -1.439194 0.876368 3.740835
1.0 0.5 -0.500000 -0.500000 1.500000 -1.701638 -3.286916 2.198571
1.0 0.5 -0.500000 -0.500000 2.500000 1.986663 -2.644156 0.915364
1.0 0.5 -0.500000 0.500000 -2.500000 2.904615 1.624076 -0.880614
1.0 0.5 -0.500000 0.500000 -1.500000 0.563591 3.701399 -2.452358
1.0 0.5 -0.500000 0.500000 -0.500000 -4.501796 3.598987 4.211409
1.0 0.5 -0.500000 0.500000 0.500000 -1.839537 -3.976689 0.857499
1.0 0.5 -0.500000 0.500000 1.500000 -4.933308 4.142334 2.209948
1.0 0.5 -0.500000 0.500000 2.500000 0.507443 -4.588859 0.637033
1.0 0.5 -0.500000 1.500000 -2.500000 4.953817 -4.739255 4.313871
1.0 0.5 -0.500000 1.500000 -1.500000 -3.833215 -2.897673 -1.094001
1.0 0.5 -0.500000 1.500000 -0.500000 -0.726191 -2.729664 -2.105821
1.0 0.5 -0.500000 1.500000 0.500000 2.359626 2.487458 -1.654713
1.0 0.5 -0.500000 1.500000 1.500000 -0.882645 -2.088475 -3.235072
1.0 0.5 -0.500000 1.500000 2.500000 3.353013 -0.768882 1.267470
1.0 0.5 -0.500000 2.500000 -2.500000 -2.534527 3.656510 4.210276
1.0 0.5 -0.500000 2.500000 -1.500000 -4.915463 0.403641 4.439087
1.0 0.5 -0.500000 2.500000 -0.500000 -3.352106 4.982985 2.418608
1.0 0.5 -0.500000 2.500000 0.500000 -4.114847 -2.790601 -2.705570
1.0 0.5 -0.500000 2.500000 1.500000 0.178685 -0.340745 -2.379274
1.0 0.5 -0.500000 2.500000 2.500000 -3.194643 4.840133 -1.943616
1.0 0.5 0.500000 -2.500000 -2.500000 -1.138755 1.905089 -4.172153
1.0 0.5 0.500000 -2.500000 -1.500000 4.920063 -1.982183 1.044399
1.0 0.5 0.500000 -2.500000 -0.500000 3.078340 4.012217 -1.868668
1.0 0.5 0.500000 -2.500000 0.500000 1.324592 1.091619 -1.237851
1.0 0.5 0.500000 -2.500000 1.500000 -2.822690 1.106566 -1.120288
1.0 0.5 0.500000 -2.500000 2.500000 -1.300079 -1.784954 -0.760094
1.0 0.5 0.500000 -1.500000 -2.500000 4.576727 -1.187581 -3.026191
1.0 0.5 0.500000 -1.500000 -1.500000 3.062960 3.336435 -3.690663
1.0 0.5 0.500000 -1.500000 -0.500000 4.552376 -3.793882 1.482258
1.0 0.5 0.500000 -1.500000 0.500000 -1.512675 4.518948 2.198073
1.0 0.5 0.500000 -1.500000 1.500000 4.726045 -2.259258 2.557523
1.0 0.5 0.500000 -1.500000 2.500000 -0.860112 1.511245 -2.513679
1.0 0.5 0.500000 -0.500000 -2.500000 3.776029 1.976041 -4.429129
1.0 0.5 0.500000 -0.500000 -1.500000 -0.633610 -2.297921 3.015998
1.0 0.5 0.500000 -0.500000 -0.500000 2.927167 3.473448 -0.851175
1.0 0.5 0.500000 -0.500000 0.500000 1.706699 -2.799430 4.679850
1.0 0.5 0.500000 -0.500000 1.500000 -4.259347 -1.926177 -3.380194
1.0 0.5 0.500000 -0.500000 2.500000 0.179516 -4.154002 4.203101
1.0 0.5 0.500000 0.500000 -2.500000 -3.407229 -2.359232 3.344268
1.0 0.5 0.500000 0.500000 -1.500000 3.942310 0.373499 -2.320839
1.0 0.5 0.500000 0.500000 -0.500000 2.242768 -1.828985 -1.216020
1.0 0.5 0.500000 0.500000 0.500000 3.099586 -2.110184 1.070632
1.0 0.5 0.500000 0.500000 1.500000 4.642715 2.380819 -1.869814
1.0 0.5 0.500000 0.500000 2.500000 -2.396788 3.368069 3.277787
1.0 0.5 0.500000 1.500000 -2.500000 -0.360061 4.269572 2.343303
1.0 0.5 0.500000 1.500000 -1.500000 3.097032 -4.957436 3.552844
1.0 0.5 0.500000 1.500000 -0.500000 -2.339005 2.258101 4.006292
1.0 0.5 0.500000 1.500000 0.500000 0.405250 2.971162 -1.281894
1.0 0.5 0.500000 1.500000 1.500000 3.416090 2.853018 -1.708871
1.0 0.5 0.500000 1.500000 2.500000 -0.966725 2.182886 4.752852
1.0 0.5 0.500000 2.500000 -2.500000 -3.303999 2.432019 4.927537
1.0 0.5 0.500000 2.500000 -1.500000 -2.481371 3.110300 -2.446474
1.0 0.5 0.500000 2.500000 -0.500000 1.568485 1.051274 0.599634
1.0 0.5 0.500000 2.500000 0.500000 2.216703 2.147426 1.112669
1.0 0.5 0.500000 2.500000 1.500000 -0.445252 -4.197490 2.787981
1.0 0.5 0.500000 2.500000 2.500000 0.004244 4.892415 -2.481167
1.0 0.5 1.500000 -2.500000 -2.500000 -3.139340 4.542257 -3.451445
1.0 0.5 1.500000 -2.500000 -1.500000 3.012135 0.383542 -1.038160
1.0 0.5 1.500000 -2.500000 -0.500000 -1.637336 1.742297 4.065566
1.0 0.5 1.500000 -2.500000 0.500000 2.886422 -0.493573 3.493333
1.0 0.5 1.500000 -2.500000 1.500000 4.021627 -3.180454 2.423899
1.0 0.5 1.500000 -2.500000 2.500000 -1.079456 4.174102 0.926350
1.0 0.5 1.500000 -1.500000 -2.500000 -3.537486 -4.517825 3.688824
1.0 0.5 1.500000 -1.500000 -1.500000 -3.719771 -0.767276 -3.450024
1.0 0.5 1.500000 -1.500000 -0.500000 -2.663369 -3.152194 4.536801
1.0 0.5 1.500000 -1.500000 0.500000 -1.016142 -3.505635 1.088363
1.0 0.5 1.500000 -1.500000 1.500000 3.000704 -3.315120 -4.034784
1.0 0.5 1.500000 -1.500000 2.500000 -1.276485 1.811715 -1.546169
1.0 0.5 1.500000 -0.500000 -2.500000 -4.836298 -1.571152 -0.014670
1.0 0.5 1.500000 -0.500000 -1.500000 1.138521 3.074735 4.363854
1.0 0.5 1.500000 -0.500000 -0.500000 -1.655580 3.985218 3.149368
1.0 0.5 1.500000 -0.500000 0.500000 0.217715 4.684830 -1.494313
1.0 0.5 1.500000 -0.500000 1.500000 -2.493967 3.525344 1.579371
1.0 0.5 1.500000 -0.500000 2.500000 -2.212194 2.853477 3.217141
1.0 0.5 1.500000 0.500000 -2.500000 0.765227 2.324961 2.640727
1.0 0.5 1.500000 0.500000 -1.500000 4.748574 -1.658070 3.142069
1.0 0.5 1.500000 0.500000 -0.500000 2.428047 3.366132 0.620905
1.0 0.5 1.500000 0.500000 0.500000 -1.969193 -4.743716 -4.186385
1.0 0.5 1.500000 0.500000 1.500000 -3.702574 1.437298 -0.411535
1.0 0.5 1.500000 0.500000 2.500000 4.384248 -3.038512 -4.908372
1.0 0.5 1.500000 1.500000 -2.500000 2.260751 2.002254 1.457903
1.0 0.5 1.500000 1.500000 -1.500000 1.729737 4.888130 3.738856
1.0 0.5 1.500000 1.500000 -0.500000 -0.171056 3.608535 1.048889
1.0 0.5 1.500000 1.500000 0.500000 3.508873 -0.257391 3.304163
1.0 0.5 1.500000 1.500000 1.500000 4.187617 2.061437 -1.057544
1.0 0.5 1.500000 1.500000 2.500000 -4.169187 -4.778121 3.456766
1.0 0.5 1.500000 2.500000 -2.500000 -1.918544 -1.750900 0.864183
1.0 0.5 1.500000 2.500000 -1.500000 2.961378 -3.746329 -0.385837
1.0 0.5 1.500000 2.500000 -0.500000 -3.326391 -4.515151 4.844510
1.0 0.5 1.500000 2.500000 0.500000 -1.898498 3.099392 -3.357685
1.0 0.5 1.500000 2.500000 1.500000 4.844806 -1.139727 -3.951778
1.0 0.5 1.500000 2.500000 2.500000 -0.652887 2.910268 4.462210
1.0 0.5 2.500000 -2.500000 -2.500000 3.038687 -0.532357 3.260072
1.0 0.5 2.500000 -2.500000 -1.500000 2.512613 0.392103 4.383206
1.0 0.5 2.500000 -2.500000 -0.500000 0.885666 -4.133100 -4.893645
1.0 0.5 2.500000 -2.500000 0.500000 3.004798 4.432909 2.010679
1.0 0.5 2.500000 -2.500000 1.500000 -0.965251 -0.659093 2.603772
1.0 0.5 2.500000 -2.500000 2.500000 0.363705 -0.012161 3.252617
1.0 0.5 2.500000 -1.500000 -2.500000 2.258825 4.068422 -3.293351
1.0 0.5 2.500000 -1.500000 -1.500000 3.212206 3.933776 -1.863022
1.0 0.5 2.500000 -1.500000 -0.500000 3.196475 4.982981 3.521847
1.0 0.5 2.500000 -1.500000 0.500000 -2.091869 3.114875 2.458785
1.0 0.5 2.500000 -1.500000 1.500000 1.402698 4.608931 1.320609
1.0 0.5 2.500000 -1.500000 2.500000 -2.184656 -2.296307 3.433619
1.0 0.5 2.500000 -0.500000 -2.500000 0.768851 1.739428 -2.023038
1.0 0.5 2.500000 -0.500000 -1.500000 -2.092233 3.408283 2.372689
1.0 0.5 2.500000 -0.500000 -0.500000 0.491554 3.764213 -1.884578
1.0 0.5 2.500000 -0.500000 0.500000 -3.604192 0.381059 0.344140
1.0 0.5 2.500000 -0.500000 1.500000 -3.359228 -0.669166 -0.831213
1.0 0.5 2.500000 -0.500000 2.500000 -2.452443 -1.502461 4.434648
1.0 0.5 2.500000 0.500000 -2.500000 4.359221 4.382952 2.373658
1.0 0.5 2.500000 0.500000 -1.500000 2.145448 3.705019 2.655140
1.0 0.5 2.500000 0.500000 -0.500000 4.002445 -2.169523 -2.074424
1.0 0.5 2.500000 0.500000 0.500000 -3.286435 -0.467714 0.177289
1.0 0.5 2.500000 0.500000 1.500000 1.039009 1.197409 -0.443136
1.0 0.5 2.500000 0.500000 2.500000 4.101130 -3.301378 -2.413508
1.0 0.5 2.500000 1.500000 -2.500000 2.584141 -2.586018 4.540912
1.0 0.5 2.500000 1.500000 -1.500000 2.750751 0.812625 2.461083
1.0 0.5 2.500000 1.500000 -0.500000 2.214798 -4.762681 0.797424
1.0 0.5 2.500000 1.500000 0.500000 3.807171 3.887371 -3.705275
1.0 0.5 2.500000 1.500000 1.500000 2.669903 1.131578 -4.343169
1.0 0.5 2.500000 1.500000 2.500000 -4.672484 -0.734992 3.460981
1.0 0.5 2.500000 2.500000 -2.500000 -1.343637 2.260145 -2.349099
1.0 0.5 2.500000 2.500000 -1.500000 2.922575 -2.971672 -3.635911
1.0 0.5 2.500000 2.500000 -0.500000 -4.667245 -0.631095 -3.044495
1.0 0.5 2.500000 2.500000 0.500000 -4.064242 -4.975928 0.301707
1.0 0.5 2.500000 2.500000 1.500000 2.393844 1.753782 2.750485
1.0 0.5 2.500000 2.500000 2.500000 0.541130 2.637193 3.209010
